expenditure <- c(9, 8, 9, 12, 9, 12, 11, 7, 13, 9, 11, 10)
